36
700 396
31811 96361 64661 37253 1968 6100 80385 22813 41526 49200 1399 9447 27095 74842 49386 68479 53586 80962 70166 75284 36532 52762 10477 36798 70945 96246 84205 63293 90624 79396 35499 58298 6279 10787 21133 90023 55850 66678 58133 98164 19401 81352 87354 87490 86901 26542 84636 3796 89291 87319 87582 43021 64752 42293 70119 97746 946 82467 10821 54044 92053 2028 32834 81082 96201 53923 96765 93418 56522 57442 59776 11215 88468 97932 58303 8283 21810 36506 40350 12326 48895 71530 95470 78354 42970 83316 90055 89808 42282 5453 58046 34997 73229 26871 96110 30551 72782 62186 97518 19424 86381 93459 25980 79496 69038 82055 24830 68467 68355 78628 77470 86754 32469 71213 73101 25093 67661 16422 38478 93226 28385 97875 35392 12590 31136 30520 93131 16286 35648 83485 24477 99423 41122 83282 18169 4790 81216 92406 22417 97920 63485 87182 1403 35307 50063 83564 61449 81364 58566 93939 56406 32719 35826 24509 39259 76551 78423 69593 61852 60472 4849 75245 79347 71100 99105 28254 1646 67378 75531 31460 10431 24807 98944 51311 3836 86325 84725 18023 77991 43409 20899 18439 69196 30157 84597 69095 23542 460 80367 563 42825 15537 13862 7926 79585 32588 63164 48442 16138 82445 23623 69862 81167 57874 71111 67090 3882 99058 5148 43996 80998 79704 57698 93850 61697 2242 26985 74022 84939 75006 45052 40285 81195 41993 13234 3525 15037 89690 72588 22943 83833 6060 17054 67349 76948 92176 81061 26495 34250 49042 34888 3761 8781 69964 57611 20538 98296 3263 96498 11275 79624 23396 55238 16283 95104 40383 24732 7555 72005 80150 7854 33788 22144 47545 1729 3231 16684 91883 4590 20665 46197 47212 2363 28570 70417 29687 67330 98852 72987 61729 54661 26796 1724 98727 62639 46243 25488 53906 97139 68738 43135 61451 70061 75516 10407 51087 70975 36050 96269 7179 10050 26005 78720 46050 74912 11888 90272 59741 91114 47457 61898 82855 73963 41090 95171 92989 1581 12269 98161 28565 55501 36185 61202 97111 69 59561 9727 68190 22774 387 58361 50495 44500 19525 75821 7962 6923 12397 19458 48627 70249 20625 33085 2902 29957 71249 66263 82047 35257 93434 53348 85544 36636 96063 69871 34991 20041 21430 35238 72861 61375 3919 31131 68010 20000 93912 78408 10068 43997 3404 68525 45070 14685 29770 89768 51 61307 71033 94038 28529 3201 67035 6312 58654 97587 46900 50199 7946 47679 80720 54452 75957 23900 95615 78942 59471 
953 188
18302 55487 32316 2295 23556 33393 66755 63103 27148 25435 47996 32206 50507 67832 31786 88554 69271 59445 94979 64010 73962 99485 19822 21445 88708 6391 2984 55601 46865 19783 38132 66247 30327 43896 47330 74716 70272 13634 45774 60267 47408 78158 55977 70529 62298 3456 42198 10207 55789 27913 93990 98126 20394 24500 67713 50895 51818 73458 76576 65213 66916 76296 15714 68494 39262 4147 57355 76374 32539 3939 17159 83780 83137 38151 13459 2036 26736 39962 70758 70486 24072 21735 82581 74231 87950 64885 18103 53644 73288 75881 64468 38839 88198 82146 84438 94227 88761 2513 8634 44348 36627 9137 85242 41533 39748 55507 12507 19798 54829 37647 26756 27523 16222 47822 9174 74371 42872 93795 28910 92569 96114 98933 97806 90924 8016 60887 89077 87078 66694 20172 23102 16875 11370 42078 51972 81608 52672 16386 5062 87899 21409 97036 79546 61767 83871 95522 33325 24597 52783 97253 18549 5579 10609 20969 22368 23114 83975 94356 63762 78340 32717 35682 19888 97863 18487 71446 14529 57927 67907 42369 14621 2441 68927 94514 53551 4414 36725 82362 85413 43142 18717 61085 78492 20509 27866 97987 66937 47935 
264 182
24606 69257 45546 8296 82009 86761 576 14304 92830 76994 23999 24518 74704 2400 63457 80708 34708 68410 36164 38550 49080 46139 74610 3400 64935 1603 53518 37857 35844 52338 76954 10289 15802 46511 15163 25422 92888 5549 33886 54353 96414 49272 74143 5906 35444 88017 63754 74083 45802 56550 366 52664 39321 57856 81023 24076 31139 58743 44384 57054 36923 75515 44053 37943 13745 66619 85610 80402 60146 12312 32956 27713 91735 36330 57972 90143 85302 71654 30249 68238 83897 33543 55819 58526 46546 2236 85812 27023 43639 31482 52149 59623 46999 65574 1622 43008 46314 91833 31465 41643 59834 32498 78206 19851 54898 48393 81286 67581 88608 73145 73915 60957 59454 37429 17927 73026 84637 73480 70949 4713 74305 93964 87062 87673 76560 61418 57810 5215 80153 25645 49258 74670 60331 45237 50699 94621 81318 80234 47841 1007 55337 11611 33426 66952 85647 74040 60451 96331 20524 46099 32438 91231 50429 24576 77365 70506 93173 80131 21546 30200 96840 10214 20551 75065 50280 61149 24246 15520 52918 33161 63539 91418 52081 13607 45303 27422 82347 58695 14457 90599 17805 55329 
253 173
65599 30252 99359 59137 1134 92211 70278 43465 1720 77047 65226 57962 48292 94755 56212 38432 62578 45277 36811 74656 59217 74365 67649 13179 76259 20704 80533 14689 33480 91042 8548 8081 51001 74252 27475 69828 62927 44903 24364 71393 62342 3581 14986 8629 29016 69856 34580 42987 18643 97254 78393 37398 15372 71836 38361 59812 72142 57421 84778 3019 30952 61374 88662 14199 46379 39141 76545 67515 18631 34568 66818 28378 27072 45939 92814 71273 87534 25779 73384 22901 4595 18246 15383 44641 64389 92931 20449 82538 46856 91447 33927 92514 48329 50961 39767 48102 88140 27376 2168 18975 15417 78070 22259 49362 88177 7096 66374 84172 93698 4568 97733 40352 41148 3258 38075 24783 9627 25334 60486 76275 9774 2837 29995 90603 58626 69799 11667 75193 2747 62981 62174 53377 81257 53060 34443 77992 12171 79880 3110 32307 48809 24583 55437 19898 83463 70557 59033 82560 12694 77593 27270 52312 65029 63343 24129 28513 19022 71035 7198 10405 25911 83909 23807 13205 58109 35670 59555 58333 48078 84742 74573 44105 55010 
594 172
24856 95675 8910 77811 99743 13423 94120 52301 25255 1667 68634 54035 94007 18435 17932 94633 18504 21682 72829 6181 58851 61321 11379 86360 47755 60881 63867 65898 82351 84312 67930 92275 28198 96113 29339 35999 28216 1116 50310 45335 59042 20404 21533 20268 33848 23797 97000 12199 81581 1932 61977 59966 37433 66330 13144 14783 3123 61469 37303 90045 95792 97028 56314 99738 12923 30108 32342 29197 42607 82212 30973 45910 92244 8702 47132 72382 5887 25427 99093 99765 77113 34525 22546 97668 24110 93098 60819 17564 30370 77762 55712 87421 20269 72893 86513 92386 24457 52188 23921 94022 79587 33437 22653 2793 59595 22294 80022 19944 67752 98941 16578 11482 9032 61864 38400 25491 40558 5438 96855 81293 24262 67346 80476 9011 76102 35158 36465 16882 99914 76390 19119 23560 34439 94069 98246 82340 43114 65179 21981 28204 5067 82490 1475 19848 717 63283 96655 26764 9601 78925 77741 11999 13035 56629 72299 3133 15688 93917 64700 7662 66669 93177 32444 472 38636 3548 71357 28584 15993 46919 3987 15389 
583 169
23101 68692 75160 31618 11678 31291 17709 3157 10948 81869 95436 7875 16760 75939 90929 30264 56478 7937 97675 60602 80494 23574 87306 80560 3791 31577 36400 2177 53170 66802 62125 21461 98899 17221 55334 66512 79125 78721 80062 5145 38236 59888 99468 21721 31789 8845 68896 65062 3799 77797 3379 93116 96752 92527 76743 77704 23548 34562 17045 13066 54590 90834 1069 66295 53597 18562 37909 48140 57635 93651 43177 17420 44817 70275 5942 9112 11911 65985 2388 79178 64601 86995 56017 63526 48316 75956 39794 50930 65117 10632 74747 63935 79258 87451 89402 30051 77465 26529 77979 94214 95128 9966 11219 71519 23520 78238 16212 38927 31712 5037 92015 81155 6567 5041 10262 39826 98934 9169 26049 34000 89610 2549 68817 45261 16537 70146 79874 77602 31107 91936 5108 44366 91038 80769 96179 26624 86824 36525 76388 95841 44954 8847 17447 41665 50467 31987 1807 92628 73367 58296 20028 45769 19229 15794 12163 28844 67177 74548 20817 56782 12927 4453 69367 99524 16382 18858 21248 20088 68164 
888 163
6670 26227 2198 27888 59830 73554 87404 63550 85615 37992 56446 66469 43172 47627 35334 63606 14945 66431 77505 60544 3294 50867 74820 95417 23907 42993 61405 96263 6092 46060 64057 12212 52713 56821 70499 45298 9530 93671 49379 70555 16256 69502 11181 11384 30750 58517 29042 82447 70896 50003 84216 94785 10163 1741 44377 78612 44895 22111 31643 88739 71335 2301 59259 99596 9402 9685 28391 96193 87970 56394 69746 99663 21132 30679 25186 75300 34801 71172 88421 66782 49135 36505 42836 41057 73309 49165 41895 70746 27140 62991 12555 29513 94181 43903 88028 49196 88512 65766 4792 78759 93525 86668 53009 48909 40721 42913 13667 9860 18448 36934 24636 95672 38429 79415 42815 71853 28024 24533 42531 85113 63007 62352 48037 49349 71728 2796 40660 70062 77145 57639 91506 63823 71367 8871 82817 1903 77441 1950 5526 84910 71894 38956 13840 17331 17213 92593 91817 89404 76222 6304 14995 78420 30627 60317 23927 1711 16954 38425 30026 60967 16981 81648 84301 
467 157
73120 71462 24983 61013 48977 61995 32338 19924 2310 15611 13601 80016 12840 74506 38144 7879 49319 80393 37544 39007 36278 59957 35136 7210 50268 87523 86623 7491 52361 25772 11108 62457 25034 54197 77125 88170 564 64449 76598 50500 79280 98147 3032 80932 20494 13888 40671 30225 44684 35886 23457 89061 33652 42114 24676 68551 93825 58661 32669 97331 29578 10809 27887 6846 76749 31047 50730 93110 7191 18949 29638 44321 43493 70751 57570 70726 87251 77783 47067 64427 68706 48792 51788 93741 21148 74673 64572 84792 59714 57177 80424 3040 40513 46400 4325 6072 50043 47293 76355 83957 78514 68523 51520 7571 8471 63102 52510 95183 24940 24782 57863 95717 73558 33891 70680 40604 46482 95830 10848 32434 57462 94932 49601 3313 22254 69763 26404 47182 72571 95910 543 65465 6173 48850 78540 76113 55670 57566 44268 94028 58382 81391 85288 11082 67799 32162 49617 10277 92958 77227 670 38918 40395 51257 48813 1648 61362 
205 154
75062 27332 90949 50311 50583 99207 54977 27717 27680 39629 30000 11199 37665 82273 26432 25881 65972 87038 49689 16635 57593 81020 37244 57024 59299 3283 92844 10086 87738 89312 96374 1922 2222 85204 683 47294 78965 87257 44839 65853 37018 31696 89563 76356 9143 84373 98824 91117 88415 22592 73562 6832 38102 39535 18040 79605 71762 10888 19530 5152 45068 25994 16027 97713 98772 29525 32443 66135 13741 5858 25603 25230 88811 17244 18758 41019 76748 77816 37324 30235 55747 32870 3137 26040 4922 35137 49397 60526 44202 68669 96822 89449 27336 67934 6727 58238 27150 30867 55773 90470 79944 67394 96846 98628 12323 96566 37366 29555 90527 16310 46925 56299 81526 44999 66432 92061 51052 69748 91618 54531 6807 80750 71868 78478 24416 87092 18240 50170 72166 14136 62656 66313 48454 69188 71328 84539 25155 88279 44446 43567 80684 70349 48476 57679 15450 37392 29084 70747 50834 40477 41444 96429 67910 61452 
555 152
27073 28567 49808 45506 1395 62157 13786 292 48567 1859 42480 6316 81449 8937 55925 8272 40648 17670 2425 87305 29647 52563 88143 21369 58547 11675 19132 98943 71394 80751 42802 29698 30491 96721 25336 18400 80737 83039 62932 56714 50208 20104 31114 54106 38506 19343 85706 24905 79890 93620 69374 89144 68180 29984 13967 94750 79610 75887 92999 43458 48713 81441 78697 62239 12950 23796 1774 94347 38487 78855 99038 61212 11952 71552 11687 41329 65101 5561 75792 12734 51281 53370 27872 44317 77010 19899 66050 97951 65310 18650 42857 3182 21127 85953 10302 39669 60830 8899 81036 6149 73164 22406 92161 35176 58267 15202 70480 28684 18595 95086 93153 96085 92137 25319 22010 35065 44065 42305 1424 11069 5585 59904 19727 72605 85662 38541 84657 41555 91229 87741 89247 47441 42819 80930 16480 85943 18725 69079 21098 69211 25987 82529 7845 56952 94712 96552 71208 74683 23677 18432 56428 7229 
955 146
50808 53080 67080 99878 26101 79903 68039 87691 65989 36696 8427 76912 16770 86350 96373 34933 83558 37492 6145 96197 36675 17136 47628 7498 25844 98366 31066 29788 56514 16737 62088 13307 49561 82319 43075 77893 17154 61872 34941 40134 92141 64084 73456 25329 23815 19801 22464 49418 29534 17290 13753 6931 9407 72298 43733 37023 29799 62671 74541 24655 15115 58850 29866 66533 43746 37701 8710 14309 51582 40798 84261 74194 34831 85260 62868 7997 58254 60628 920 62213 93070 74251 43410 79998 81127 70214 65724 68535 91992 94889 33338 12932 87822 78071 40121 41176 19650 53001 74244 86386 45876 84496 56016 22605 47427 57681 6326 16957 3867 1927 33549 26757 10968 60800 45343 7404 48036 81208 93819 53622 97325 45236 99206 50266 16495 33805 80795 68921 17865 18528 94665 11319 56058 65199 64589 17930 10785 87390 81461 91401 8072 50151 29027 69297 58160 1548 
277 136
99787 92981 12382 95150 58155 95753 42345 51049 97701 57082 22947 23843 98212 26668 58755 21129 80219 20565 72959 85770 9305 30135 82521 49576 41440 92338 77367 18028 67923 95140 34459 19100 91453 27234 80762 49626 85931 10357 9513 26242 71323 45942 8655 91163 532 85411 31404 58290 36807 60922 57079 97311 81570 80014 70907 68961 4916 71376 89860 48789 27026 51138 59667 51766 6074 15093 47339 6590 24020 60283 87584 97429 42794 20720 82593 68928 60041 87007 57902 69116 84588 14158 12829 26708 78668 47910 45603 53803 87244 62333 74144 78723 73182 15664 84522 23005 9006 33839 60263 9052 83026 49708 59565 53486 47771 75372 8840 71147 45866 12128 43365 87652 11917 30386 38729 91495 20754 94999 21871 67927 73389 34828 77629 13226 56890 65277 25447 55194 76740 55318 91648 86561 25124 42972 99046 10706 
209 135
56274 74594 23766 29464 39957 34146 92751 55663 77998 86616 15873 75322 2422 31727 88808 99004 8248 45077 50963 69999 4391 40398 95405 88360 67641 63183 88852 92953 53786 5223 75323 72777 39268 6493 1982 16582 60805 95909 60765 13168 52507 19917 63515 84594 36925 79487 57945 70228 36162 88442 34567 94339 45216 45370 76856 51869 18579 42730 7917 28228 45721 93733 37070 97234 99961 69464 73055 40571 71694 15403 56664 27975 6180 71473 82748 76048 37080 9384 2033 79580 85343 59000 65089 90316 35017 19074 74921 76136 39495 78706 73124 86039 85490 21996 5394 41509 87093 47507 81771 65391 6062 16805 54204 4382 89660 7391 50057 98694 75684 60691 796 60091 97851 21863 10876 28072 90060 11360 92846 17464 89525 69440 53865 46219 79988 50499 3731 55803 65694 11000 47576 31985 56456 55495 30290 
131 129
39123 27753 12999 93908 41945 40991 5177 43225 48396 17524 23171 10793 36170 87860 58707 92781 10715 21659 10063 35126 98519 47540 2714 92449 81702 74486 30227 25939 64710 21200 82999 69396 56991 85755 68343 60111 17269 85875 17819 84434 84775 18402 90059 42016 19035 13138 44131 75247 65592 8784 98347 97132 54393 99422 34051 67292 24971 57616 21420 42844 87769 8990 82683 83754 37031 42589 58748 58727 10914 61128 2257 40236 14636 90552 64423 55794 6341 51387 28041 48366 29089 34416 69140 11673 61200 30322 19447 10225 44608 29307 53399 94040 74717 1282 70294 98923 88218 40585 12044 82440 61069 59282 80352 41480 2405 30036 29304 74436 90964 23828 30495 74752 84181 25006 76082 11800 97038 32789 92423 5888 80839 92625 59689 59214 73773 82887 83 491 19121 
339 125
33939 85842 56685 11226 72093 16460 10571 16906 87887 97963 20228 17051 22452 69900 36312 12308 13418 97734 64657 70459 11172 93518 6556 6498 83739 73030 25005 31600 88817 80315 17908 76712 65410 41067 31498 47538 94891 33258 95677 79982 20701 66102 26611 63342 33764 82733 42706 97530 72058 18614 11434 97717 60030 69123 45621 40878 65090 59266 40242 41202 83930 99589 90764 97809 92646 29363 52926 30692 84875 80285 81369 42697 57920 39425 56070 26770 46985 91955 70378 35515 13049 94015 44847 38018 39921 18706 30632 39042 19885 11114 35404 23611 33037 21397 90750 40566 39783 28603 64333 93045 92616 65069 32172 93030 20635 58439 83408 97588 31296 88025 41404 47077 54872 54287 33023 57906 56358 96618 10213 91531 72034 12545 20748 76214 48534 
8 117
81498 83340 80723 95679 36263 98639 95311 68750 1787 32146 19465 84529 26499 94549 15766 49133 9157 63072 71153 78220 29457 82842 59433 41030 68293 42769 45945 37171 80118 79418 76554 52227 73556 19651 7774 9358 64473 86758 65890 10745 3693 73624 49127 39985 62365 3046 17757 62813 94495 31115 86507 10885 54447 55297 24654 82835 80408 16081 14503 24328 21782 98198 60885 49622 26497 46785 72437 70032 78801 40713 23957 28406 97756 91434 39637 96462 44877 89828 12540 55920 51206 9192 76938 53897 31970 27513 7121 34812 47436 80252 11034 687 10019 76266 94807 81013 40848 46605 75049 51380 66380 21350 67853 48529 66863 61053 62654 2742 25518 43883 65109 3894 37185 2026 15956 5972 71454 
956 110
3116 5674 98295 24021 76904 62676 74817 47195 50619 84152 87849 25288 32945 62859 64252 28875 88647 12490 96466 16572 77011 49690 78082 80009 3500 9626 49173 36907 64515 9361 11897 94749 47881 48933 93085 63289 95217 58693 36846 550 82182 5739 69697 70843 64077 97145 21137 74395 496 3521 35066 25668 23369 68163 25886 13329 46783 70164 58719 11337 17487 62225 48577 40718 9427 26198 63207 98777 46869 79010 10421 47751 47346 1196 85263 62894 103 30288 89441 18514 983 18145 63788 20778 39285 21337 18826 85626 62519 53468 48331 98170 65243 71887 81276 43637 78746 39830 4047 88840 33614 6900 92274 25395 24301 48196 61526 72491 30910 96068 
3 104
95207 42871 97814 54174 16003 75469 58029 58353 3441 14297 21553 83803 57108 10918 93333 66113 83466 57479 68437 54841 42128 67278 48486 36759 27695 59104 84615 18151 52580 82935 65786 64947 50847 99447 80309 63000 89308 11266 56357 37342 59357 89820 39257 91331 71812 29482 81346 30058 46044 99106 39828 40669 31286 49288 58013 47794 52245 3433 16930 57446 31385 23645 62652 8942 99576 58135 58996 2672 96556 61546 36317 34005 62252 94767 46892 33433 82950 96173 72141 67101 87863 16606 49109 77965 32724 81436 53186 53807 15600 90944 89708 99439 91140 58824 40647 39813 60005 12313 46022 14165 15783 58173 22092 18150 
99 98
48688 99864 86168 80328 63529 96092 61757 9003 43262 53727 38493 11039 26703 24138 68420 60788 32252 85057 65616 15734 60332 98784 90281 99244 63256 99854 5655 22816 85833 33111 52715 70832 94458 61654 31520 52724 92540 52401 6464 377 94325 45134 18314 89981 27344 78148 17419 40875 38766 61410 42434 81179 31415 4063 31545 88351 86351 92667 78817 94707 60361 10910 85959 19418 37111 5566 75947 1375 44365 67462 11310 62009 78069 58934 9597 95505 30995 25752 97348 1169 42249 62057 65253 49812 23562 28846 41505 85406 24579 42740 79791 2683 96733 84370 60418 1364 86654 97336 
373 95
6887 26054 99636 9005 85504 39164 81102 58891 95528 72914 63509 12177 48238 91631 32368 48860 29000 25789 77170 69355 43192 63613 65371 75833 48348 66065 51705 33190 42793 36955 94661 74329 92757 30502 18956 33317 48660 78388 53893 2977 83257 59907 29484 45273 65396 83605 26954 90572 49167 3704 73714 34185 54844 66995 33130 60353 99187 6553 81039 75655 10853 65172 79203 64588 39013 88997 72052 47222 14578 75723 39121 34912 23836 34565 70205 55678 31852 76290 36218 56295 25845 69920 64102 44134 82247 96136 78771 98034 14317 51330 99963 27928 85101 48377 37024 
77 89
72800 30094 65553 26683 73758 44768 65368 75251 92322 85719 15085 130 63062 60095 13317 63684 46747 98156 19105 65366 77585 46115 51265 76223 54691 38277 6219 84551 47192 27410 68550 44116 18713 22688 13977 2462 33978 39722 47594 71433 28978 95515 41443 83211 55766 79747 33250 2490 37074 38174 88438 35262 73009 23233 28811 54809 72935 11161 96993 44735 92883 75130 26904 24948 93293 47846 1400 24977 69209 5530 7683 39172 7945 29326 22611 76119 74093 69222 50636 80107 67780 7751 20354 78304 19596 77214 57083 47351 82152 
938 83
45622 98363 78384 35364 14383 42645 77309 23309 14593 48271 89995 93697 69300 6197 99874 77830 68996 99535 33819 73405 4891 70603 43875 413 48201 46922 72650 27515 53401 30934 39839 38562 35996 21631 44031 38156 5913 78687 41857 91601 44808 4469 73642 37599 4749 13300 74249 48527 86552 46464 9575 55726 23253 4212 82195 87443 35867 43781 92307 68383 17521 9369 66348 95051 67255 77056 25997 31012 10817 89648 73042 24592 48159 97118 8594 62926 74850 76783 11234 42582 43541 81991 17529 
858 77
50524 88670 92074 19269 85433 59567 62710 59043 60758 56764 8343 49579 70289 18210 33970 31033 91848 25792 87867 71906 88461 41111 24376 46894 48488 42338 78742 45839 68461 67827 36694 3778 4557 15618 71509 32896 51444 95370 82705 33069 99575 47373 21910 60730 92099 32737 70157 42929 2931 81933 60974 55710 40920 47095 75997 76773 47961 17256 31085 33536 4052 75728 49472 4757 7339 47216 19043 20463 82106 84169 72215 30204 57208 87852 91467 4731 85327 
210 74
44394 41228 98700 59762 90206 80799 28809 27024 75429 72891 40628 60019 85632 67 33164 96573 54666 11441 88894 61488 92334 76892 94308 7589 23297 28256 47824 14166 45043 33126 3982 52810 63945 18254 23612 87807 93542 42754 8458 338 63511 55341 48880 23735 47984 2685 38825 44707 24643 57020 81610 32170 8063 6790 31177 19910 65955 53962 53825 54036 36917 44486 74882 79111 88348 37866 75088 35452 48634 46674 24585 64194 90619 22713 
57 67
6419 49998 81122 49970 93243 81682 73766 98077 59610 79575 10158 24625 27417 16246 31615 30944 24451 75415 61389 34346 56913 85420 41021 14726 43892 74318 76655 46994 79615 11445 98914 41621 66789 80187 41755 10649 55550 17358 90171 67552 436 3189 68138 25417 42011 63391 15341 41677 42106 1933 99681 94426 52649 42361 7125 20125 47317 32694 34845 89104 68452 849 88754 30340 88190 68652 76289 
627 60
94656 28779 46707 11962 21027 46228 53641 26726 75951 61114 96165 15581 15045 28149 8796 3167 16844 36339 65637 20803 44512 89547 72043 94183 26035 98568 89870 57122 22302 57714 93785 42674 23731 50928 46114 85747 90824 65211 78320 80176 19403 566 89274 52147 64409 8290 36087 7991 30416 49393 66475 41590 98838 44076 86060 23675 68586 89518 41607 48532 
745 51
70524 77945 70812 36737 79188 44812 19335 41327 68593 73251 75368 35388 46097 90292 86603 24411 90601 78261 72017 69371 36241 32599 28114 88654 96224 26510 11683 4786 31912 14175 64811 14718 63265 84526 9467 21440 99553 1464 63628 27248 6321 89455 26019 18581 97201 16687 66123 51399 21168 88828 29894 
499 45
42834 64635 15780 69420 28452 61213 81419 46446 95273 37294 90681 67427 23063 49317 96893 23387 77474 51079 53033 26657 69971 16891 88225 62943 68959 96796 90907 83472 47004 79494 19937 25170 42703 96503 51098 7337 10026 44006 60821 60282 24863 17175 16584 63774 50333 
721 38
1554 12329 95024 50525 94688 10566 16609 96370 75176 27837 97487 58143 99608 52262 68097 23968 57526 72535 60906 94496 46909 71260 78661 10011 17610 43755 28053 11193 11876 88426 2300 46760 78068 76002 74556 21859 97198 99884 
600 37
35347 93375 98323 20198 5569 86357 6730 1063 19927 11430 3081 5688 52736 78011 40626 50817 678 6069 31590 69584 12463 74405 16622 6595 95458 5385 3992 45984 94275 76474 53981 77361 31381 7734 23826 56592 94991 
314 34
47585 28539 57301 90915 73729 60487 14226 61912 4739 97805 54265 28373 11901 83159 31144 80667 19775 63827 89945 78267 18143 71449 88201 73483 75533 22448 54439 15812 46222 8308 60960 2855 28557 88176 
73 26
29330 35488 79703 59150 9292 24374 37469 1661 32407 89538 27488 27481 32802 54707 69096 50676 68288 59793 14512 79350 62184 82151 99112 40419 91793 90380 
577 24
43968 22310 20682 39891 73444 72748 77856 41487 52760 63435 92441 4803 89058 73299 68172 19449 41470 76295 55822 30435 65436 51369 37616 18249 
449 16
35187 42353 74715 73388 17765 14221 65440 82534 55538 61280 96654 70792 45117 8738 56577 40986 
511 12
27618 65937 33118 52754 50258 45851 54480 93043 68971 83453 55684 65576 
90 6
32108 59431 88996 21595 9444 6358 
